,A,B,C,D,E,F,G,H,I,J
0,0.45319031090576045,0.39105766777761003,0.7416336071616366,-0.068166243658025,0.47338766171508123,1.0370596372341927,-0.8749139105410478,0.9629173794776363,0.24328381900085325,-0.669673494181036
1,0.8927694075641049,-0.6207156617373896,-0.4688612939976149,-2.3719455401297678,-0.18716192123235603,-0.18483601353723123,1.3850944276029606,-2.488848185845678,0.4273313691597146,0.35823698610029064
2,1.1614783647026692,-0.09823189523688955,0.8143906535066164,-0.7848207188490541,1.6349186515773493,-0.04490929353144439,1.696427094483936,-1.4861630493670162,-0.15153349758333473,-0.4849389385044646
3,1.0989985345191307,0.3905307319805349,-0.021613129984812744,1.1277591336736938,-1.9693877461631404,-0.6795759195010799,-1.1705219558890556,0.9729747204783809,0.7867754028047992,-1.2015841775513636
4,0.5384428035071096,-1.672309103434846,1.8855878580651442,1.3967256824192773,-0.8304795281676827,0.41824089765496314,2.2115551688383035,0.1668199427987845,-0.42921854332022313,-0.17440873766658072
5,1.5551577925596711,-0.6438367643843075,-0.47013577651436056,-1.2334678843835694,-0.7717957744837323,1.7559919256601026,-0.2395154877688111,-0.5206152474915825,1.0313826404016002,-1.590271517957719
6,-1.4606819859065587,0.2741444098941723,-0.10467872861588277,-0.025993851052585094,0.7916216681950256,0.05420465156642587,0.13339015968330958,0.37121971004224186,-0.2987996845148312,0.05805021170369665
7,-1.39325434617035,0.5256159729735788,0.34788926645961,-1.3085911879081442,1.3671801373544892,-0.6219910245739425,0.2940204927242291,-0.13804914737893864,0.5516838789246598,-0.5780585305973204
8,-0.23669755210149812,-0.26704932434511525,-2.382005647834857,-0.9328710928656798,-0.3738919269029886,0.3449375797919883,-1.222810253557963,-0.6994926191352958,0.21971684904300812,0.2811535968525293
9,2.5845407105109244,0.27349985590175896,-0.7669087785890244,1.1738692693118238,1.350369695981316,-0.3090707332951114,0.457064858828467,-0.6164872454269288,0.06487838482907346,-1.3827607314614991
10,1.2089200193103906,1.213479878465044,0.18692655535611813,0.8419953981395213,0.4429284716238406,0.08877200530526755,-2.4540981892612725,-0.5405199761049054,-0.4024522208417666,1.03391824050333
11,-0.14692247304383937,-0.8365417715415268,0.2737047075437993,1.3305206346841645,1.060458789919259,1.1085939314714366,-0.8340664588227686,-0.9519519961313976,-0.3384402154726563,-1.0788834522134159
12,0.9369223859615995,-0.39480505222699525,0.6446748854297113,-0.13251805354562277,-1.7026905512789594,0.6744475079663211,-0.6831312381135718,0.3511524834520576,0.8617601775599736,1.0601985001705883
13,-1.1482846508862967,-0.26584928807228253,0.5422131695923613,0.14824817830039827,-0.1403021935813002,0.70986280065011,-0.15288095698227572,-0.8652204285030073,0.2081543686469927,-1.5950871575499994
14,0.9473072317576899,0.855400591610002,-0.8500501170227215,-0.8441297700234195,-0.08169194007193341,0.03488811880702,-1.5242988234157315,0.18812147493238404,-0.03737088781342691,-0.06595818872455074
15,0.11560543313294458,-0.48762837552161464,-1.0295466798577853,0.7743695461301351,-2.4645918003234946,-0.8935226518482279,-0.36222415027958643,0.6365245900573951,-1.0093545905993215,-1.1475588425480425
16,-1.1913333723462742,-0.7901872615354578,0.7748609640617975,-0.7543313274745482,0.8799538561713366,-0.5665192035678726,0.0914692969490085,1.4027250352521716,-0.6702632776696821,-0.17343095534247677
17,-0.05091493321071172,-1.3477536882871344,0.4341123712499103,-0.8721076585306115,-0.10516376937206631,1.1134856562992608,1.119821451592351,-0.36699774653769995,0.491424542055784,0.13162870945871527
18,1.6056383461661918,-0.8477047397515556,-1.4025546188751266,1.0391068890647766,-0.014038160681995109,-1.1342086577953092,-1.1856841688065827,-0.4084965251793211,1.8385951142746777,1.7961985549429398
19,0.5142270567349382,0.5833799423527025,1.127834218494205,-1.65054053921846,0.4533991535087897,-2.3157137319562877,0.6268795079624757,1.451786968138628,-0.39370637651014023,-0.5548861610723339
20,-0.3002506795617712,-0.777432159813744,-1.1406274360370257,-0.28813192860495956,-0.7852071918756364,0.0026578490270421427,0.7758050566984406,0.35212707394370535,0.28549331507912623,-1.3225412140015493
21,-0.8648926599249966,0.9954937576595888,-1.3396800589072317,0.15182546810132902,-2.151086767743137,-0.9083718296094081,-0.507594479248132,0.7720456615696211,-0.1067331737110572,1.52831760636593
22,0.3805128612204007,0.29401388787520183,0.5586550004010225,-0.5050740363459446,2.0768898046060658,-0.8895387110522293,0.29100186894901925,-0.6336816144788304,1.256479780734891,0.6493863276773787
23,-0.34551120549773445,-0.7029838572225341,-0.6560471346939382,-0.7888879904618651,-0.17775598228333053,-0.4719128087030834,0.3779732358321391,0.5402521894491827,1.427943639049838,-1.7561124804540855
24,-0.6977012199903401,-0.4210000631700344,0.1105026546457578,0.9607688357243273,0.3404015812934197,1.018348077500418,-0.458411434485968,-0.24755491104994712,0.8094671313093001,-0.09469055927873421
25,0.11232935522041922,0.6958941989353142,1.0008770453136606,-0.249913254903381,0.6320181509933567,-0.3927635918395649,0.06442711089378174,-0.7003527128523014,0.07596544145276933,-0.6391732767479178
26,0.3410290803602067,1.2807000975151266,-1.2943138374720202,0.1316772468001662,1.3130904309567357,-2.003136434637042,1.2734358785016031,0.5077529524609702,-1.2800827331067612,-1.8977590092518377
27,0.03393138468038274,1.4364887194683869,-1.006820902414867,-0.8887985441664394,0.12958102954498799,0.3266342196047332,1.4300505984985512,-0.7682368808024416,-0.8522015763740299,0.45658890083541354
28,0.32962417682275863,-1.1010850315079486,-0.5020570292336469,-0.3667055832855209,0.24155676000552567,-0.010895029219294465,0.6500989222967875,-1.8563202545379986,0.31807510330312766,-0.86319566478878
29,0.44959798225249387,-0.1961957963055707,-1.5876737564540795,-2.1968069530557317,-0.05835592685284431,0.11936504091300883,-0.32850756983430496,0.2020355536958831,-0.7685102270064909,-0.043803906293340834
30,0.44338980277710555,-0.22334787954100066,0.11807060332962238,-0.4756207469617021,-0.8727919538004016,-0.20963594640892536,-0.3873102569941778,0.6785574859956537,0.38013086193602286,-0.12276083060423307
31,-0.3585143344110531,-1.1984205874224274,-1.146491613652811,0.6865499849258868,0.9991733448533199,1.6916992261057795,2.4514496641059202,0.8431415870582466,0.5245012721984732,-1.5384889303998264
32,-0.23472600674681424,-1.1327369799259268,0.4016167765577597,-0.5389283432219578,-1.6283009610269612,0.22824107521175793,1.119659770475748,-0.8016993944586902,1.0014638505434157,-0.16104270724760064
33,-0.047877585983152074,-0.13986255608676468,-2.358465770053594,-3.04895856416773,1.4336503156408795,0.9982362583166204,0.34437745674846415,-0.2975366382502286,1.2886574596394598,0.1970423121475068
34,0.6976185288098874,-0.6719724846188532,0.5099610986697157,-0.3539398211065074,-0.36034052203353345,0.09049860780478089,0.23128233029655526,-0.6507880326640506,0.28424853355481483,-0.7316239498782195
35,-1.3048563842627379,-0.49510678901272115,-0.6414652178832415,1.958769707229058,-2.143059678221804,-0.5629427217623114,-1.1181781649552214,-1.361987985275496,-0.8132905666153515,-0.7564005887998427
36,-0.797243688093134,-0.6352800359880313,-0.38289024138455247,-0.9302146477886825,-0.0499665785210754,-0.7115030225059631,-0.6929354556099592,-0.5174847579193156,0.07850727606313444,0.06867919911852097
37,0.8859199215127819,0.72406251165082,-0.6041775534313361,-0.8015767046684722,1.8259893886275573,0.31827206074779657,-2.0908451453835823,-2.0757192635307913,1.5786450813875454,-0.3748176601437103
38,0.4599526272713666,1.9060662656088414,1.1843428688037516,-1.5562280930937682,0.4362260281602161,1.7724102344039498,0.44452431703117506,-1.5934500090367274,0.7192685776265271,-0.0537391866688355
39,1.0415368821990256,0.1350461853990654,-0.21011254585213288,-1.7207506660819263,-0.39778491494699675,-2.184869262800211,-0.9067403386505705,1.3890548500435824,2.059636551569591,0.4550575060115179
40,0.23297156071230105,0.00044557938407659186,-0.6357556840120914,1.2676317854467698,-1.1355114550341348,-0.8656808277179872,-2.101107587289607,0.26043652005051965,-0.649513017313364,-0.5667546395001356
41,-0.5327363950594939,0.08600456587165684,1.0419520793556856,-0.43733277000337056,-0.5581435244017364,-0.6436459639968137,0.4902578723439037,-2.4146946134963505,-1.5570816955427187,-0.8951442901993507
42,2.0990107537888893,0.9517365169650038,-0.3040825116532099,0.28426124820538967,0.6332091745122927,1.9448281785281853,-0.32207740990268924,-0.2574704387459524,-1.5189170427791787,0.12722251540600282
43,-0.8283304142453626,-1.1076017159326232,1.1864620177690552,1.3293423012431207,0.01469190634140212,0.7591394241846354,-0.9189812397606191,0.9906860373699456,0.6866649753437685,1.6425694741663075
44,-0.592145651989659,0.3609270141891237,0.7986746175698178,1.5666662893487566,-1.3446081723881225,1.6336627231920866,0.22854058832840782,0.3927174066810778,-2.041709563710638,0.23838522879951968
45,0.3333982938806113,0.5811919058775227,-0.6003786936501019,0.4107784581054714,-2.5604919134741992,-0.8836711763478015,-0.2628890849093152,0.02127483416761769,1.1529412005141846,1.3291750003628466
46,1.6161034565704422,-0.5169655409943926,0.634629341597982,0.34259949493709924,0.8154362789921378,-0.0023543352635748208,0.6578935716641563,-0.3595327673396799,-1.6189116186653911,-0.8459228808846923
47,-0.19964889252481854,1.0827169007473927,-1.6574317986066616,0.24093442403957335,0.15256462176049787,0.22147299398184006,1.5488237557646514,-0.47031899953527917,-2.0212875750282495,1.4279553969584284
48,1.7102811316477786,-0.9743960058910527,2.829401864613376,1.7536029386909693,1.6315966420045942,-0.0845846065722347,-1.3732098134498456,1.060272062016626,-1.265360804657383,-0.20022564584335698
49,1.344948256525528,-0.593759539107753,-1.1335486514187776,0.37518973264082894,0.7660425769879737,-0.9351065539706925,-2.228632405676292,1.806392183203634,0.8912116738949425,0.46529273691157985
50,0.24409809826162895,-2.5106210702540923,-1.226720344238345,-0.03692619664465483,1.2112718816230068,-0.5454914387899136,-0.5994553970769059,-0.10555321568344841,-0.5911610453295076,0.42047457819994344
51,1.6346137994592718,0.7433891843892917,0.29180178981501326,-3.3303680198416052,-0.074946488621665,-0.8337241876250807,0.8869118004744858,-0.29234214772782585,-0.12576751173242393,-1.0958429470665203
52,0.1348060673521796,-1.6497246582317528,1.6560005271160712,-0.2944035268782352,-0.8949529628256525,0.7972495720157157,1.684392263187544,0.20813746734395153,1.1923934649585288,-0.15026412677574383
53,-0.739665859530038,-0.5479860718912697,0.25462725795548363,-0.164832147608855,0.4230498561672082,0.8786957783431418,-0.37325434106248634,-0.8884148571951247,1.6891213737202218,-0.7743671452406902
54,-0.7080594913049207,-0.4032992670354765,1.1992961951734002,0.6566762909333242,-0.04185346620434447,-0.09890875564154214,-0.534078204305407,-1.3653149200833028,0.423290964246273,-0.6199510108972365
55,0.3774277217380096,0.14859147634938788,-0.057953876455832956,0.2640360699428746,-0.29956575687880815,-0.8357173981796024,1.2427966202945793,-0.6326325891560208,-1.7787368795479948,-0.044101849409286645
56,-0.05973768843113121,-2.218247979933423,0.683580287799339,-2.4743757025140645,1.7110008483651455,1.8201813992830502,1.0686528167665625,-0.5406500796698136,-2.378162422692863,0.8169417266733557
57,-0.6972648655432764,-1.2810279724300873,0.9411577396941463,0.36899125139212413,1.1896972730892514,-2.4444137436977975,0.8392849250853437,-0.09592446594703853,0.821959507500255,0.6646606645262594
58,1.8286394209752665,-1.2672714189314689,-0.3549876573741261,-0.3226095317633453,-0.04625770602832879,0.8815558169289904,1.979568579418323,0.3058535411542804,1.0420344447438377,-2.6142451206790103
59,1.1855770312147724,0.12769131642762355,-1.038633132211462,-0.5451903026862517,-0.1351680151334747,0.8503648099406016,-0.20610144919037998,-0.8402398810105466,-1.046271298251005,-0.19737517651047212
60,-0.08267454740530812,-1.215958014298518,0.7387365214233746,-0.4576257868660882,-0.008066322029526087,0.12073201212943968,-0.2213124409526379,0.38115389231877844,-1.4090252268607188,-0.3251347816565572
61,1.0807844698312041,1.2856074529830976,-0.4863634923078981,-0.8559902904891382,-1.3644184078021682,0.2695861032527602,-0.7860708500311269,0.8079485204474873,-0.8420553830184639,-0.7598151073005754
62,-2.522216163831829,-1.0565288511220483,-1.3048830733548846,-0.7604563021509162,1.9348857246339815,-1.3596789449210749,-0.5437337167425316,2.5622812728332542,-1.0537576917966414,0.4580670531386879
63,0.06671192808514284,1.3229436226485844,0.43056014629827377,0.5156333463474881,-0.5953647867227648,0.8643427727896035,0.7035538262184732,-0.956741407127204,0.08277561877535872,-0.7883790587715674
64,0.10293675549759139,-1.0546504607931924,-0.3347096428064549,-0.2104219073941013,-0.144950139779056,-0.25413963201680734,1.833226568460263,-0.3576577359343907,-0.45791444398103887,0.8088983617413777
65,-1.2270776290739234,-2.3207208387064884,1.279443711800717,-1.3316372637279328,-1.2249181091258072,-0.49211776397627716,0.572893818679927,-1.0492151302728927,0.3152867296183836,0.439112798611158
66,0.3695948470832035,0.0031459302112963137,2.626175987858743,0.09947164497783123,0.2951833555131065,-0.4502769478455224,-0.08544272204312826,1.7021299955670497,-0.7835751449127739,1.3495461567643332
67,-0.11023034530976582,0.1626735924040301,-0.7837591207447697,0.2540353204666176,0.8668571576480448,-0.13922649754383426,0.5129417772489743,0.6327322540049806,-0.5192786364491669,0.2660011591457221
68,-0.008844712965952859,-0.6657677659191171,0.6223788203621061,1.9502657460820327,-1.2837495779267698,-2.1438516622824384,1.3177926872654748,-1.7561565034558089,2.0960903956734525,-0.33041741242112593
69,0.7672128806754948,-0.5436714368010507,-0.8367822750539664,1.0776510374462684,1.1467910303557594,-2.0492049984033294,0.8549112885529003,-1.1966762497366317,0.48641713196469927,0.33979140955254755
70,-1.9255937127048588,-2.2722513662545363,0.6914449868063501,0.016543352507370945,-0.7563019574285278,0.23261946052623927,0.5939911521322389,-0.8230849985202753,-1.1373701226825006,-0.3505387223887632
71,-1.1502844038252278,1.0611946270730683,-0.9778503031706015,-0.2636510118821246,0.3723606482197132,1.4615643965084302,0.13327673020496583,0.6424408935691766,-0.8211151440416544,0.12362940729521939
72,0.2598591144503299,-0.8140520873943282,-0.23334819154432826,-0.2894356705094814,-1.2623564117386785,0.1641313062495625,0.6668960977128179,1.4805276721729277,1.5568579544906087,-0.3947307768114684
73,-1.3391669833984083,0.9923506398871369,1.3545676236771615,0.35665859679191825,-0.013308791657478069,-0.5048970364001859,-0.8722273430719494,1.2561090531659616,2.5086582459857905,1.5178104026820367
74,-0.7222867322889606,1.425641628419458,0.20935624025000366,0.05438741191896887,-1.2670425761312347,-0.14858565895149956,0.607883232016293,-1.4649686298936149,1.014281970785679,0.2863450447854031
75,-0.608228129721844,-0.425680241464136,-0.4005714700875871,-0.6116173504053625,-0.9187778984716758,0.7278929302567149,2.4576544092415085,0.4620250651374342,-0.49937719348126236,-0.680647669182616
76,-0.4614156683574,-0.6833900644619886,-1.7623623346725625,2.346403988714925,-1.6377518607326325,-2.035900692475085,0.3487970558153786,0.9338906330256391,1.419337761978711,1.3856092826141362
77,0.49921408793796895,-0.42284220130107136,0.8821205707686577,-0.7212407642531403,0.34608475313099135,0.9055925925629238,-0.1444725250698885,1.8626080409110326,-0.45716324761064364,-0.28009024857190795
78,-0.3107745628430654,1.5802014874879495,0.1929379031987391,-1.072785430354173,-0.1779643410431582,-0.5882698082207249,1.042278604710151,1.1439071187535064,0.17689068647983072,-0.45703533627808435
79,0.604662929474926,0.20932010086020078,1.2839354402908818,-0.8056100478004473,0.07536351238526859,0.4138493314780197,0.41509162832527335,-0.6457622614710303,0.6035691903722782,-0.31240775658184566
80,-1.6147661533866249,-1.379898783331106,1.25718712767728,1.3427019524245378,1.282857528969568,0.23412817450870935,-0.33888764317610504,-2.1225845110498223,0.7428139354576434,-0.7010490043965953
81,0.5485868273515794,-0.22016534840107913,0.40539782931540197,0.3806657758576065,0.5689786002111559,0.8537803707030464,-0.6309733620547451,0.8498705331821443,1.083480071952717,1.0629175504437174
82,0.1507749119473568,0.1646990620047774,0.16109184054603992,-1.3112303058411212,-0.3134869112805495,1.4931795086274837,0.4413723148059694,0.41417712023996966,-1.7742479436762224,-0.13434591367282675
83,1.6127036180291998,0.016970454348778728,0.15326250253381124,-0.533600903365539,-0.9397895972419847,0.18267208083269174,-0.5973409629998777,0.14705740851315813,-1.438677603796469,-1.3856518972042058
84,0.8703702257221393,0.14717014562807398,-0.14542474733927166,-1.0849017483831902,2.2501621823725646,0.791819871814539,-0.14523172098109507,-0.009089568348255419,1.7018926371457346,-1.2593856788284903
85,-0.8004962211986467,0.6243333946299753,0.23092809318256732,1.2076236439180557,1.3992915648573565,0.7351268249001464,0.5754323895354032,0.004226949615513122,0.8551420012843679,-0.918743188058968
86,-2.4848307953009208,0.07486346963908412,1.163357926207863,-0.1822238426554024,0.019886982800741203,1.2783167314788124,0.8649855065871249,-0.12243395997150662,-0.7488078178210814,1.2127571991277675
87,0.5071466389718399,-1.294344003884229,-0.3076039877883943,-0.06687260093692574,-1.518029878244274,1.9545085407218512,-1.1264945607173562,-1.0352303228580237,0.5199059620761723,0.33576545754911274
88,0.4387310644519332,1.2124188110355085,-0.8304081815870418,0.42023014126114433,-0.3711062084660075,0.057657437380867135,-0.1794997225358632,1.7135848693032252,-0.9812634554066706,-1.2045426859649773
89,0.6884004268341347,0.143563167707057,1.604798151963518,0.6075817569791024,0.0403735596414891,0.004462261679403693,-0.7319841604200742,1.6834704211270586,-1.5983820853295896,-0.0931085532467639
90,0.40134542900263304,0.04666139199967889,-1.7761252320989578,0.3876334396216793,-0.49324538000193396,0.4936302873699189,-0.37158586066535304,-1.008035365792147,-0.5146334873725226,-0.8632310985065356
91,-0.5003642885596779,1.1271421999634408,-0.08861824991983443,0.729973640568642,1.4039275444940547,0.5197090705933801,0.022837339874913758,1.232150343820982,-0.1387288747627664,1.4296427931841542
92,1.849412923624274,-0.4149005952292089,0.12785193925859806,0.5516931460757691,-1.3000174772481934,0.7265768440272359,0.2364889676784064,-0.6190218208657455,-1.0436874091173711,1.4450076028562577
93,0.5032711478383946,-0.2890191800207107,-0.23803444576594432,0.041751106154821964,1.417758948688277,-1.753360015145025,0.9634333107160192,0.1401502727707774,-0.003588085411640291,0.444860276975149
94,0.3695328680309331,-0.19442273730638088,0.38220289859681356,0.08271027618712509,0.29867736467971695,-1.40615208973552,0.23827332326650533,0.37162713781338946,-2.2274361816367407,0.04817766875655598
95,-0.48425074446118394,2.4280044427567784,-0.4244848845860895,0.7345287855302864,1.3021995606506007,-0.34269952798908665,-0.5607570162617133,-0.6191493952631139,0.29608679025035567,-0.30484993191627474
96,1.1974051664570498,0.8094809828678325,0.2739878923121163,1.2736739077857335,-0.5338455249889169,-0.6893974686610793,1.8874513739407637,-0.7666540075551741,0.8464150854720099,-0.5605327983661963
97,-1.16380436234581,0.05422949175052177,0.24034094166083472,0.2665691810968714,1.1785394066888675,-0.14873679656724428,0.07015798022929053,0.8025783189629168,0.22640959358428991,1.1578374467688444
98,-1.1805113812625467,-2.23387734541134,0.40386563828792044,-0.07406747405725189,-0.7088747989099387,0.25837410225942103,-3.4701957573651865,-1.3282058416269038,-0.8583271843734548,-0.32407283034743906
99,-1.5505236675227363,-0.9595848295431733,1.6828347363378902,-0.8390828979604619,0.37599894513576254,-1.0723131651598468,-0.15907219788653085,-1.0896738549969889,1.293988216627767,-0.6943562982666615
