,A,B,C,D,E,F,G,H,I,J
0,0.9199962023111148,0.802387850787971,0.5831346553202703,1.2678248915416919,-0.09694818161553519,-1.5884053603755544,-1.0249106379715027,0.9877929321969785,-0.19660234167138413,0.38089718066544276
1,-1.4049336490565298,-0.020823298989849238,0.5211542704298564,-1.33589910123837,-0.5363095121752306,-0.8555149712287448,-0.6773750501670934,0.11422390701367759,2.5452532287472036,0.4686840996616368
2,1.4167154046690444,-3.1912600478430466,0.0681288439930119,-0.7272951675489249,-2.0034301757253434,-1.2975367950252286,0.6459855007535649,-0.5481594892761675,-0.252850727543103,1.9971074234427664
3,-0.11203830951338252,0.5364085796973401,1.4461004880738066,-0.33538367605600433,-0.6966950327033959,-0.7733740850033188,-0.4724680937048706,-0.8008401866632979,0.17441216141050886,0.2957646775168056
4,-0.3503790966250203,0.3895136960368623,-1.3327387697041115,0.3354265804797227,0.2031764529127946,1.009877639795579,0.4369294548437286,-1.7503764023789046,-2.238640025910846,-0.5799887719184041
5,-2.144760856270543,0.27431690387458924,-0.20744905019716905,0.5883111972631644,-0.5130091079487489,-0.5454930075163572,1.180514685834414,-1.600529008706084,1.938680044119155,0.928702203685632
6,0.49549439172123966,0.08332454960621144,-0.45428698748776725,0.5863658723805071,1.2518465900978655,0.49028027022078235,0.01723516786635897,0.40183793043320504,1.1461083140055088,1.4072174447833652
7,-0.8377207514206233,0.1988303245327347,1.0044690975599404,-0.36890342350413213,0.41142293282464837,-1.240803385684591,0.34586889004841703,-0.9834372235550055,-0.4995666640372828,-0.13005516625731509
8,1.179149558921007,-0.9928536985265336,0.9538431180827754,1.2426394630647526,-0.47133816587104954,1.4210694794119962,-1.572498134878015,-1.4773929780792872,-0.7756660995338275,0.8838250565436129
9,1.2673122466482596,1.059170399360343,-0.3127871095717347,-2.270870677734397,1.4755085825633285,1.2115599452532964,-0.15909350100053363,-0.4184920822704438,0.8666251210855281,-0.8841928840319658
10,1.1914489685445806,-0.6218861586882766,0.9342867473262434,-1.0115414999115433,-1.0043234384405357,0.6965405207870794,-0.38864786399410073,0.9312351825434012,-0.264139011473536,0.663128659043732
11,1.0571444506361558,-0.2885307506258591,-0.6845014034816785,-0.042407578866561595,-0.09567919367193749,-0.4152126765444732,-1.0176804095050407,0.3045086361252582,0.4774023386793536,-0.4571622472078707
12,2.4187570520623223,-0.23675211229535434,0.9005754125711877,-0.05457168436206986,-0.45202960147799987,-0.9067433015407138,1.8807160657112658,-0.06393717512155231,-0.10570773790440656,-0.1735605798393142
13,1.5701999208264659,0.9021382411870169,-2.177293241399067,0.9240873751840781,-1.0717885264274167,-0.1466613678471761,-0.663230792654399,-0.8635234730679345,-0.4304244345581142,0.5035791421872761
14,-0.627014341526959,-0.392554467950335,-0.9508121662800413,1.2582011151861128,-1.4447092693765664,-1.635953860137758,0.9732532876146548,-2.0791007740966534,-0.3130999629319706,-0.3519174444500255
15,-0.33310121688720434,-0.18805163899341973,1.1382112553864856,-1.8129531979778135,0.5629652951341277,-0.6220171546677167,-0.2985882957156047,2.173219622403739,-0.2793980065470508,-1.2510940480014643
16,-0.7725454643774511,0.5803139275633715,-0.8565321917904,-1.2184310928791393,1.5314534767533239,0.7129571366560312,0.8175811326327492,1.2549455931842373,0.62090084901475,0.40830634395505605
17,-0.6925274789236476,2.078860665764527,0.834433511489581,-1.2456762705118951,0.5396184421895038,-0.061457433976000425,0.10707778256854784,-1.4620341100941103,-0.5138541689949784,-0.09001753867828721
18,-0.18128699277374372,1.5396732454005528,1.7562714892238251,-2.268716556010038,0.11127089700478465,-0.47587957003513137,1.2543459046048273,1.3454758938965068,-0.35472491419800384,1.3964600977561894
19,-1.209706427275746,-0.3167609678637498,-0.3701211404213309,1.8321055537479924,1.24424860791603,1.2043228793938718,-0.7224239075127041,-1.281000532170865,1.7094330667584068,-0.334401624952622
20,0.18534388974064261,0.3670176934094258,-0.7343404613726392,2.650369912029549,0.25815942184491286,0.32196912847517034,-1.645072355930043,-0.8889290459534174,1.0810670190166738,0.41117462563293206
21,-0.09910580455067657,-0.22565535723931168,1.4772989742499214,-2.4094193443171688,0.8609635753430245,0.3213178339358062,-1.0728088625776044,0.8699267372153455,1.4251013746097974,0.07236261042918361
22,-1.593781087365215,-1.6222774951032266,1.2193255882551932,0.10631433319504689,0.5538626543247452,-1.726464748060083,-0.49484176056941387,0.473186322831443,-0.23171809083517517,-1.1838505724662873
23,-0.6392231700295554,0.39072428659912894,-1.5619934274868748,0.23977865838285367,-1.1002683994775495,-1.637273321689969,-0.6202665223389685,-0.6410362077011236,0.1388320296794829,0.03195842111103142
24,-0.9808890584812658,0.13454507426444237,-0.29259831791808205,0.801992810759737,1.5665470279992944,-0.8418811295770985,-0.2932438921128901,-0.5146576853815972,0.07651840125644199,-0.5535706637915286
25,-2.2558688182467534,-0.04022108991405442,-1.3022906270958488,-0.2628626250158102,1.3514775211887997,-0.6578835922437702,-0.8345103573213664,0.1152803697041766,-0.5342300068513186,0.9015025029358481
26,-1.022456874835583,1.9251921531014504,1.82815640461436,-1.857083568967531,0.5985299114300263,0.7930208811632352,-1.4968549695365254,1.0159241348308503,0.49569341862944877,0.8224469681852258
27,0.05345184852928206,-0.829479478604187,-0.7476271676407426,0.20715854041285406,0.26277211492970226,0.7691962352593583,-0.6622587390701536,-0.6178665864992758,0.3960403326201497,-1.203347975937291
28,0.19957844583404175,-1.3061377734924295,-0.512342229359791,0.7452721318674083,-0.5524175108733097,0.10866015560304745,-0.026363439138957268,0.6755812386105,-0.10411840395400433,-0.7131033345670863
29,-2.3957740635920333,1.1509671729855329,-0.8660780665207635,-0.9005964538298838,0.7002308436249107,-1.0299578322972192,0.23080590991728264,0.7388249743261225,-0.28752799314131156,0.547448631445328
30,0.1537783717979287,-0.9591363803699525,0.5738929665219198,-0.4550334192223124,-0.5283210501385748,0.2650737518016412,0.07008838979438839,0.20470736806935785,1.167838984807487,0.43628001036724157
31,0.7876499273615737,-0.9410622376592986,0.15040620795318463,0.6750203676843722,-0.4267961714865092,0.006418877799000115,0.16080982880231887,1.115022810182686,0.13765969461685149,0.3032216104558703
32,0.897831981044947,0.8842952829865152,-0.9451754387955622,-0.23477748435435686,1.2939590119497804,0.844193399889744,-0.6058490319402958,-1.0211609131047468,1.3989735187394254,0.08972281983917352
33,1.0551838740197141,0.7708009112765128,0.6764656568782584,-0.5384159304731215,0.4051835444764463,-2.1258686400644637,0.05908899092771193,-0.20360854611442997,0.1892390637202023,-0.41534468114768286
34,-0.21223126811837334,0.36060898788057244,-0.0864524516110079,-0.1093622342565786,-1.5795767106805958,0.5126087110877221,1.185671967093499,-0.5907713293787518,-1.7862323413795556,-0.917815331266798
35,0.8143365008365698,-0.32903082112701676,-0.10618687453391874,-1.5130318925809776,0.9787887731941379,1.1519495946814624,0.7169994627200336,-0.09822648579235625,1.1131040210247345,-0.3937217766154934
36,0.08215309042764303,-1.1771928922567412,-0.38714160544044657,-0.0551411119506084,-0.029310940491338304,0.9321046606802431,0.11812622413635568,1.1006646101102269,-1.1214074482555216,1.5785981923108114
37,1.3053006207272158,-0.14579432815054236,0.8716509438860144,-0.69243522308378,-0.2297710788191447,-0.2157747584523497,0.43070955886850626,-0.08130179062234323,-0.6462239258942554,0.18508056384512836
38,0.5620924735650706,0.36315939245060064,-1.1474889795596985,0.5626108243000465,-0.6886126994690673,-1.3326731588248395,0.7890114098204565,-0.21419870723733261,-0.42826250464369886,-1.1697477687633342
39,-0.043226225827548495,0.7476071529189601,-0.4409925314047643,-0.7937277615783552,1.0650551914850286,-0.6783084411511122,-1.5729516868363982,-1.3029530304079338,-2.1072606814061365,-0.047760400951064846
40,0.9741018946367042,-0.6778181242462634,0.5767690254414353,-0.14766797937793136,1.5473042517316662,2.829789924431528,1.2779364969132305,-1.0594039419963965,-0.9161156141956299,-2.337439729370299
41,-0.41897028839057926,-1.355099469999171,-0.479261056582029,-1.2932983406275687,0.6846937412366504,-1.4172840352223062,-1.1426849632302214,0.5041922724804765,-0.12154080917548775,0.23514364103989172
42,-1.2579267932141052,2.3310033607709517,-0.12127875432326286,-2.239962864678179,0.19541229505868846,0.469139029720755,0.7573897871302073,-0.6708355458388656,-1.1101307287964544,0.3513318627276497
43,-0.8425018685442209,-0.03806001355052014,-0.34473727001501986,-0.24142059741959843,0.9224792957934947,-1.1510036102019305,-0.21224820591274707,-0.6143910123948759,1.5290291665537066,0.5880495264464671
44,-1.5209765912525073,-0.8609132550248861,-1.1352291565412977,0.01489465928014465,1.2283712996064755,-0.6456468778196269,-1.703129623411231,-0.7961781589458063,-1.4190978557286311,0.04266003865754856
45,-0.6945878996364584,-0.1911008540029344,1.7395991153930415,-1.525569574832153,0.2635644407394498,-0.960645437044756,1.212415503584899,1.4226888317518926,0.24613222853820407,0.3485492217265547
46,0.5714423603376505,-1.2231506876855303,-0.7466537290038705,0.5741189874348738,-2.0579261540398233,1.1386557485356177,-0.47261237457388383,0.2577711096546119,-0.40473106673238024,1.2234471788886963
47,-0.41384770368221674,1.1547058744798189,-1.3501863227460473,1.1549471923914711,-1.6648843115521232,0.8837386692926895,-1.0570206758087448,-0.9767318936480294,0.5672822525518537,-0.3040727353657367
48,-0.8597609107977163,1.4435170502404389,0.039252436022249024,-0.4173163994163723,-1.5829934132217072,1.7497333122021352,-1.374060385956567,-0.13689362924409473,-0.5556562865839296,0.040015611656257555
49,1.196168177269505,-0.5587179829064042,-1.4942191175256128,-0.7788627592138168,-0.9507922956754525,-0.5472423607491261,-1.6667162318944078,0.26175457418748,0.1119788483046357,-0.1634204833602519
50,0.8841167990889867,0.05349174711354087,-1.1322683615519182,-0.5024270739819102,1.190936260376366,-0.8192841738810432,-0.2247070243606192,0.37013113726000235,1.1706784217393458,1.3564858615275999
51,-1.4040884223062073,-0.26030060433051017,-0.6164907899644444,0.8222275129087535,0.04191906583347872,0.884940042001008,-0.5224561074109798,-0.2545388980471024,-1.104483692708208,-1.9908401137031704
52,-0.878657178724237,-0.04959795623675751,1.5608084586017097,0.1506646199922349,0.21959237499394377,-0.20589866854381483,0.34483326571941164,0.4766621888867246,-0.4734790878807827,0.07564455538663331
53,0.5135137615509249,2.6418724518712557,0.3050112841660792,0.7689492262484131,1.1209278939181277,0.33757247048166655,0.19590275961515893,0.7667849050233291,-0.08553312504995626,0.7807979554371531
54,0.7898497336605157,-0.19237545991919516,-0.5619235252867224,-0.46544963989762456,1.6600477572117305,1.0588077203160557,-0.46034728866409524,0.3140917980628551,0.16168703585009772,1.0764601567692549
55,-1.3491044526613325,2.1229055064823736,-0.7270313866790609,-1.0243334404612912,1.5419446808891244,-0.0586023900880527,0.44097600395068026,-1.1470314766081442,-1.8152684263184466,-0.0823800255677568
56,-0.3249347232274085,-1.4226899197353733,-0.20389082334208283,1.133195569634744,-1.309804783002754,-0.2487140217092456,-0.5205653010823352,-1.838798455431834,-0.6991216534689316,-1.49357815503859
57,0.05351014891242176,-1.3518576452962747,1.386691362816667,0.7276372520891587,-0.3813604700016898,-0.6572803339854414,0.053341587889792624,0.9135145344041231,0.030916820682649428,1.5939403577303215
58,1.0524268906592933,1.1845741902623863,-1.6131574591107183,-1.3744642444819921,-0.3834044336908304,0.6847932785543095,0.579213993791719,0.2931046788121202,0.27746173125961654,-1.155143356384319
59,-1.933302602849573,1.2492557287569557,1.2123457015032029,0.02723108786265488,-0.7174688007062057,0.10522337540920662,-0.6377293174514401,0.9728068410417432,0.12213012580771615,-0.3650742787333056
60,0.3179858312255799,0.5808793898629322,0.45164954822493286,0.7137197761342366,1.3896236655830254,-0.05547910658956651,1.2451406028255059,-0.4321934486535079,0.34904657362919655,-1.0844002562331818
61,0.6305368130333309,-2.2007014126494973,0.7529375751790609,-0.5043990506997086,-1.2114646963722924,-0.4814443740995445,1.5545934002751243,-0.5921918903802774,1.209658789894884,-0.6664769365484078
62,-2.838298999802885,-2.127563771656717,-0.3326438166144093,-0.7552298074466139,-0.5421625241647748,-0.7797521023823184,1.610051355228581,-0.4598280811299123,0.6148654691505122,0.6666012791805292
63,1.119185479235718,0.01851396577083939,0.8228410531902323,-0.4534720434377441,0.03212744783949127,0.596512640925945,-1.929062795575937,-0.7251423917212992,-1.01090285026754,0.29921007105108666
64,-0.24339148732553795,-2.3294010764545856,0.40871280874445737,-0.37425875279362075,-0.5592420441950858,-1.2295474174992844,-0.03469499109635004,-0.6969346208304683,-0.6836622382097419,-1.6371573510111794
65,-0.3137318214098893,0.7448950015250891,-0.45616949736423945,0.8550193761057707,0.36987977094797825,-0.7946195919187987,0.3860706625340275,0.042180117459320446,-0.021637410706046675,1.8894377252064916
66,1.028841179428403,-1.3391817014252367,0.24463016151534608,-0.5557406730666621,-0.4458489960678921,0.10252386698489982,0.7871460708966097,1.4547162483645113,0.31136076901665416,0.46655852197438863
67,-1.2016780827988929,-1.0833228739778067,0.48820772912323074,-0.016123510714113744,0.6267874067274763,1.3934482531552075,-0.011272566223904157,-0.54885162854205,0.6686134717145029,-1.6494743815088766
68,-0.7485604988132059,-0.1833570441171166,-0.4701549030901266,-0.5238110961517097,-1.265032692972607,0.7839865776830844,-1.8472034571669425,1.7806113788576508,-0.296486345316124,-0.3527348245502801
69,-0.5030178468088035,-1.7713902894379077,-1.0044234934716678,0.22517503800490163,-0.6006100956838049,-2.043620931065501,0.05748074494366235,1.1574516394245156,0.06506725546111622,-0.7344073672388539
70,0.3349605629834373,0.2451587274394244,1.0538904140617202,1.4474636050817695,-0.1629276663705376,-0.9595945379314659,-0.8895657869545859,1.2932588164501964,0.408541996665366,-0.2754487789249895
71,-0.8886736499878067,-1.4197696397318598,0.7833917283869102,-0.2205186142774248,-0.08734682011585447,0.11133270929258916,-1.9293941793415905,-0.2843054385788902,-1.5763599071126386,-1.5986673090904757
72,-0.14286108410430745,-2.242931830469632,1.7447223876517388,-1.6217790840241286,0.08932199996532554,-0.13083233412120743,-0.9506085383792018,-0.5638459421207601,0.8407017744563252,-1.2096101648174267
73,0.40810679286220997,0.49958356727072084,1.4496188166079682,-2.1909789768925627,0.22538511056482632,-0.857507670234474,-1.506198489449701,-0.20357760951669623,0.5795933648690148,0.5012927051554759
74,-0.47597111562654215,0.3393123941298525,1.2819219160676336,-0.133781434796413,-1.0856084013792224,-1.8878430319141293,0.2683519040464162,-2.2849243956107763,1.112134178361796,0.5246140151359165
75,-0.6613057447162054,-0.4557292907388348,-1.0806827926648395,0.7793062637357168,-0.26929426386244537,-1.726842264656804,-0.8885441225502307,-0.4797616487915784,0.7166832656764095,0.8521135436454629
76,-0.23077014757857173,0.12032298348235197,1.1632753170053345,-0.3857237246459275,-1.7799703512778189,-1.8758909833859188,1.5688374604207707,-0.8152871336758138,0.06322496266391657,-1.8447697960423273
77,-0.6451317200214527,0.20891337652862307,0.7378639307789752,-0.8563838710535283,-1.1107556018413787,0.2595689655030645,-0.3607484882275207,-0.593898166701594,0.3053169944795811,0.21368428451438035
78,0.40345297848328343,2.133734681111429,-1.039960026263939,-0.2134277808213223,0.7020979751950828,-0.8826171644033546,1.0591204992582763,1.4998984332967742,-0.5928950511884093,-0.29140797423289533
79,-0.6469549746660399,-0.6267475495080544,-0.6370506185910216,-0.5191767349072111,-0.9840782204697078,-0.07869533208734479,-0.24343761009058545,-1.0187340796752475,0.9810807721398969,-0.9378629126850864
80,-0.8978880679082778,1.2847840798177954,-1.4605030412565554,0.1424919949810932,0.788942818196304,-1.400202731484355,0.1829759180073041,-1.0604766343063352,-1.0232373450025962,0.048186792093712606
81,1.3610112741339506,-0.0738844640259062,0.3355908596072187,-2.5197294344087378,-0.6502018145337588,-0.49158647283688184,-1.040995030529239,0.688598477321631,0.5727301400788612,-1.8580279822165235
82,0.7021580480060354,-1.1848058922097133,-0.1466628050594221,-1.3843468131371792,0.824301928845144,-0.1289765042325644,-0.35635316327238853,-0.40132385590363295,-0.470885540921002,-0.8866468927363829
83,-0.8674496335173371,-0.38319809248045505,0.1642507325102345,0.45226469727134333,2.027410018773137,-1.9848612452217904,-0.4691438054545447,-0.005432186567299247,0.27248038632392746,0.6389488518613047
84,0.3622977179469486,-0.31362990244643363,-1.1539028974548933,0.6712331973993285,-1.6520532830109205,-0.7674706768349879,-0.4639357899049051,0.2362921606271844,-0.49042683473903154,0.6697870954250196
85,-0.46656467191563017,-0.46943058178855734,0.3548210631037736,0.049271038566172404,0.6322891839326487,0.20865040848336172,-0.1161740636561228,0.1321301654442381,-0.7211705557814095,-1.7627649945758228
86,-1.0294709832880595,-1.1614071380782076,-0.8957734888974336,0.6090201223385312,-0.5043913567029767,0.13460022678448522,-0.5576950905338065,-0.256525547146601,-0.45653628471495444,0.05351858818160916
87,-0.3758429311560477,0.5954454726784756,0.08801652144957701,-0.6318382297306303,-0.4030969612854422,-0.4508773821357684,-0.20570524390905373,1.232815211081089,0.18863238880728792,-0.8489541757241174
88,0.7710169443676435,0.16294272427968387,-0.856965970262748,-0.22050075466034544,0.7774113013684931,-0.3662390241585738,0.6054703272897674,-0.6311647501879949,0.9746324901835538,0.019734140596472657
89,0.32066765057492,0.8215854053848246,-0.4249012862872209,0.1825087589437934,-0.05147827079420252,-0.11246988013906328,0.06425711956310015,2.1220860599866755,0.4132305920802787,-0.30542024350689195
90,0.3093594174245522,1.2421239911671875,-0.04152130506338216,-1.3495677701451996,0.05888485301849051,0.8180976137127225,-1.7462896238776753,0.25535969491227023,0.01787070541186163,1.0465538712113507
91,0.4245412999240285,-1.2529376487306025,0.44267650191808805,0.5799446492888022,0.14208357457798262,-0.36538358051212366,1.2493065782917598,-1.1289289917141891,0.4211445625106277,0.22431968990907347
92,-0.4345761660877648,0.2762913714766834,0.6674682773076805,0.9404965961903825,-0.30882760614797333,-1.4351101222538545,-1.0171266981445564,-2.330483535914485,-1.6456188618856205,0.9026680567254264
93,0.9669995440722007,-0.3691354275550176,0.7503031526333601,1.2272888678349874,0.1523789397798925,-0.40039637502444736,-2.325182691693303,0.35172278814526003,0.07636223087687108,-0.4991670820319254
94,-0.28244626285072166,0.6631317396981204,-1.985744574369292,-1.8284170444384975,-0.8601631557386761,0.2166038020939672,-0.6249247249398034,0.0005564493253901344,1.8920953954292576,-0.6468161995398407
95,-0.26390516992331065,0.7365281601975835,-0.6660927633299241,0.46445416109994,0.6913803739164148,-0.8695707913814028,0.37309093852467246,1.0037998467218254,0.32432254545455264,1.4043265568089227
96,0.5634114957010121,0.6034231174848311,0.29661654448292807,-0.00583719682239504,1.0287850618626688,1.7601914370984861,-0.6326819377976975,-1.1095219073042342,0.1441226741462221,0.08399245895011083
97,-0.6370215231918117,0.6529537309269995,-1.9497419833112053,-0.051829044606784384,-0.024036387202824243,-0.6436054927145223,-0.5807513629234715,-0.269550781569509,0.12272363117048567,-0.9881586680814848
98,0.544982334819308,0.0021489792976874533,-0.454715298413966,-0.10653337081267715,0.4022787500508343,-0.12333011347559761,-2.024712417219415,-1.3677368571392994,2.2290605471940546,-1.6866402443134838
99,1.2573275529388612,-0.39635680157649894,-0.6256833614402831,-0.10867683847961783,1.2017334778946398,0.13432311803997574,-0.5289075631998199,1.289616206660799,0.2895554478387198,0.8083046435293603
